
strategic_region={
	id=26
	name="STRATEGICREGION_26"
	provinces={
		17 91 98 136 153 158 171 224 246 277 287 298 336 425 452 471 488 495 498 504 531 539 544 546 578 611 645 666 668 698 729 772 792 801 805 853 863 867 885 901 905 930 962 989 996 1003 1048 1051 1164 1182 1208 1231 1244 1283 1337 1348 1389 1402 1450 1463 1487 1532 1538 1590 1600 1605 1628 1672 1684 1691 1693 1705 1726 1731 1738 1776 1788 1804 1810 1819 1856 1858 1903 1911 1954 1985 2026 2029 2065 2117 2128 2137 2216 2227 2231 2256 2280 2282 2288 2295 2394 2395 2415 2528 2638 2672 2690 2709 2720 2767 2786 2804 2805 2832 2879 2892 2940 2943 2946 2952 2961 2965 2992 2995 3026 3062 3067 3176 3183 3249 3268 3313 3335 3338 3347 3361 3401 3413 3433 3475 3490 3492 3500 3512 3577 3592 3623 3624 3666 3692 3705 3719 3722 3748 3749 3756 3766 3796 3849 3863 3865 3902 3908 3910 3912 3914 3928 3986 4055 4077 4080 4087 4103 4107 4152 4159 6597 6618 6640 6641 6653 6654 6668 6677 6678 6680 6694 6697 6698 6704 6712 6713 6726 6734 6740 6743 6746 6750 6756 6759 6762 6768 6769 6780 6804 6808 6818 6823 6826 6828 6833 6834 6861 6870 6888 6894 6896 6899 6910 6914 6918 6924 6928 6938 6954 6970 6971 6997 7013 7029 7060 7062 7083 7098 7111 7120 7136 7140 7141 7146 7149 7156 7157 7169 7174 7178 7186 7188 7196 7197 7202 7218 7225 7238 7243 7268 7271 7280 7285 7292 7304 7320 7324 7354 7356 7364 7379 7384 7421 7426 7436 7437 7447 7464 7492 7498 7509 
	}
	weather={
	}
}
