
strategic_region={
	id=29
	name="STRATEGICREGION_29"
	provinces={
		4 42 75 129 156 178 223 225 227 238 258 272 331 337 343 366 399 401 422 429 434 491 548 549 627 633 635 639 664 686 738 748 766 796 817 829 830 831 892 922 931 934 938 956 960 966 983 991 999 1028 1052 1062 1074 1076 1078 1104 1130 1138 1141 1151 1165 1169 1204 1217 1228 1270 1274 1299 1303 1315 1329 1330 1377 1379 1392 1456 1488 1540 1571 1579 1599 1603 1644 1674 1690 1704 1770 1777 1780 1797 1803 1813 1823 1861 1869 1871 1876 1886 1935 1945 1946 1956 1961 1972 2004 2005 2017 2046 2067 2155 2161 2201 2202 2208 2211 2225 2241 2258 2265 2301 2306 2309 2350 2352 2359 2381 2413 2453 2454 2456 2491 2502 2520 2537 2548 2550 2559 2561 2570 2613 2619 2635 2646 2659 2666 2677 2713 2729 2756 2760 2785 2787 2791 2815 2825 2839 2854 2872 2873 2875 2894 2912 2960 2977 2979 2983 3000 3028 3040 3051 3060 3075 3087 3091 3093 3099 3103 3112 3118 3139 3143 3147 3178 3180 3184 3190 3191 3209 3223 3248 3258 3273 3280 3284 3302 3314 3320 3330 3365 3366 3378 3382 3386 3390 3391 3438 3441 3448 3459 3462 3504 3508 3511 3514 3534 3543 3551 3601 3606 3621 3630 3632 3683 3686 3713 3715 3726 3728 3733 3769 3800 3811 3827 3846 3867 3877 3906 3921 3950 3976 4022 4047 4060 4062 4065 4082 4106 4108 4112 4118 4121 4124 4126 4133 4143 4144 4148 4150 4158 5303 5337 5366 5374 5383 5390 5424 5425 5430 5441 5461 5462 5463 5476 5490 5501 5504 5508 5514 5515 5522 5530 5531 5532 5544 5553 5554 5555 5559 5568 5576 5577 5578 5584 5589 5590 5603 5604 5606 5612 5613 5614 5622 5623 5624 5627 5628 5630 5633 5640 5641 5645 5646 5650 5651 5653 5654 5655 5656 5660 5661 5668 5670 5673 5680 5683 5685 5693 5694 5695 5700 5705 5706 5707 5712 5714 5716 5717 5723 5731 5732 5736 5737 5738 5739 5740 5746 5748 5753 5754 5759 5760 5761 5763 5764 5767 5770 5772 5774 5775 5778 5779 5780 5782 5783 5785 5786 5787 5789 5790 5791 5795 5797 5799 5800 5805 5806 5807 5808 5810 5811 5815 5816 5823 5824 5825 5833 5836 5841 5842 5845 5850 5851 5854 5855 5865 5866 5867 5868 5869 5871 5872 5873 5874 5877 5882 5883 5884 5885 5886 5889 5891 5892 5893 5894 5898 5904 5905 5906 5907 5908 5912 5913 5915 5924 5927 5928 5929 5933 5934 5937 5938 5941 5942 5945 5949 5953 5954 5956 5962 5963 5965 5966 5967 5968 5974 5975 5984 5994 5999 6001 6002 6005 6006 6007 6030 6033 6034 6037 6038 6041 6042 6043 6044 6045 6049 6050 6056 6057 6069 6073 6078 6079 6080 6081 6083 6084 6085 6086 6088 6091 6099 6101 6112 6116 6117 6118 6122 6123 6126 6127 6128 6129 6132 6138 6147 6149 6150 6151 6152 6153 6154 6155 6156 6162 6168 6171 6172 6173 6180 6185 6188 6189 6190 6191 6192 6196 6202 6215 6217 6223 6224 6225 6226 6229 6232 6235 6257 6258 6259 6264 6265 6280 6281 6282 6291 6292 6297 6304 6305 6306 6308 6315 6317 6322 6323 6324 6328 6329 6338 6339 6343 6344 6355 6356 6375 6389 6401 6404 6431 6436 
	}
	weather={
	}
}
