
strategic_region={
	id=27
	name="STRATEGICREGION_27"
	provinces={
		57 121 206 216 240 263 266 288 313 347 375 419 423 455 499 540 556 566 595 663 679 746 807 850 873 924 968 1015 1024 1066 1080 1085 1096 1162 1174 1193 1344 1353 1359 1391 1415 1421 1436 1441 1462 1530 1574 1614 1673 1728 1766 1768 1847 1849 1853 1900 1904 1914 1930 1947 1976 2016 2024 2077 2147 2189 2242 2303 2372 2382 2386 2462 2477 2539 2555 2569 2596 2609 2631 2669 2698 2705 2714 2725 2768 2772 2806 2818 2822 2888 2889 2919 2921 2935 3006 3043 3047 3069 3073 3130 3214 3271 3282 3358 3410 3423 3524 3553 3560 3652 3737 3770 3782 3791 3822 3830 3833 3834 3855 3890 3898 3922 3949 3973 4000 4006 4020 4042 4076 5903 5923 5932 5936 5948 5960 5964 5973 5998 6004 6010 6090 6098 6104 6111 6137 6141 6146 6161 6166 6179 6201 6204 6216 6234 6254 6263 6275 6303 6307 6314 6316 6319 6321 6327 6335 6342 6347 6350 6354 6358 6374 6379 6380 6383 6384 6388 6390 6407 6408 6409 6416 6419 6420 6421 6424 6429 6430 6435 6440 6442 6444 6445 6448 6455 6460 6461 6465 6472 6475 6476 6481 6488 6491 6492 6498 6499 6500 6505 6507 6508 6511 6512 6513 6514 6521 6523 6528 6529 6530 6535 6536 6540 6541 6544 6545 6546 6548 6558 6561 6562 6569 6572 6575 6576 6577 6584 6593 6596 6598 6601 6613 6614 6628 6629 6644 6655 6663 6666 8885 11115 
	}
	weather={
	}
}
