
state={
	id=325
	name="STATE_325"
	provinces={
		57 263 266 288 313 419 455 499 540 679 807 1024 1066 1080 1193 1359 1391 1441 1462 1530 1574 1673 1766 1768 1853 1900 1930 1947 1976 2147 2372 2382 2386 2555 2705 2822 2919 2921 3006 3043 3214 3271 3358 3524 3553 3560 3652 3737 3791 3822 3833 3855 3890 3898 3922 4000 4006 4020 6374 6384 6409 6419 6424 6442 6455 6461 6472 6481 6491 6492 6500 6505 6512 6513 6514 6521 6523 6535 6536 6540 6541 6544 6545 6546 6548 6569 6572 6576 6577 6584 6593 6596 6598 6613 6614 6628 6629 6644 6655 6663 6666 11115 
	}
	manpower=2
	buildings_max_level_factor=1.000
	state_category=town
}
