
state={
	id=512
	name="STATE_512"
	provinces={
		108 159 479 482 515 676 760 883 964 1011 1112 1209 1271 1298 1374 1453 1464 1467 1498 1537 1581 1588 1622 1698 1844 1952 2135 2142 2285 2414 2487 2519 2598 2648 2674 2695 2840 3124 3377 3396 3417 3454 3697 3704 3818 3952 4352 4375 4389 4394 4399 4406 4408 4410 4414 4420 4433 4443 4444 4463 4468 4471 4474 4484 4485 4486 4496 4508 4514 4515 4523 4524 4533 4538 4547 4549 4556 4569 4584 4586 4614 
	}
	manpower=2
	buildings_max_level_factor=1.000
	state_category=town
}
